100 250
70 23
5 56
85 4
67 33
64 11
47 85
13 30
33 4
38 97
56 41
59 26
18 35
81 26
77 96
97 9
38 33
29 26
34 84
12 30
39 6
20 23
42 39
55 35
42 15
17 33
14 29
0 13
1 12
82 81
87 82
3 93
66 29
47 81
28 19
38 35
28 25
40 30
12 89
51 47
89 19
81 25
13 75
48 59
70 38
8 66
18 13
71 82
68 4
52 58
99 6
50 47
60 36
79 84
3 26
96 58
9 12
5 17
23 97
4 97
85 97
79 16
67 16
20 96
78 75
28 23
24 59
21 29
56 19
44 37
62 70
85 37
73 16
14 95
71 12
65 12
39 12
74 23
73 85
84 25
34 23
41 26
35 33
38 58
80 90
20 4
55 56
62 13
53 23
67 20
43 58
86 59
91 89
96 97
86 25
63 81
48 33
85 58
32 23
86 2
68 55
90 52
81 58
60 37
18 12
75 30
39 19
29 41
98 30
24 38
73 70
30 4
91 68
61 18
3 45
9 31
83 2
41 52
39 97
86 42
91 36
18 29
81 4
19 23
36 25
6 19
93 11
18 21
51 82
75 23
80 21
88 70
18 38
12 53
19 25
43 59
31 44
75 19
13 82
92 33
60 30
73 25
49 89
26 97
30 23
66 75
18 16
24 52
74 20
21 28
94 23
95 45
81 23
42 31
5 37
68 23
55 96
49 66
58 4
54 4
14 92
8 30
54 60
2 16
49 96
16 84
12 38
37 53
40 88
74 75
47 12
68 41
86 34
90 58
6 36
35 23
68 53
0 87
56 75
73 97
61 33
66 16
16 33
36 37
51 29
50 55
64 73
43 41
34 97
78 12
22 87
5 97
61 26
90 33
57 55
53 81
65 9
62 32
24 84
84 23
85 81
18 25
78 22
51 75
99 42
49 19
3 39
30 97
40 87
2 66
88 84
5 27
25 30
74 55
48 89
26 30
11 92
72 41
31 26
79 68
2 6
35 30
39 89
8 93
83 35
57 19
65 68
25 33
3 56
44 46
11 25
50 29
99 78
89 30
50 45
62 36
12 37
14 51
31 15
87 33
90 17
67 21
17 52
25 58
89 26
7 95
20 26
7 71
4 23
53 84
92 85
